14.502352
13.751607
13.751607
13.751607
13.701627
13.701627
13.701627
13.700519
13.700351
13.605283
13.542818
13.542818
13.541206
13.493678
13.469166
13.466861
13.466861
13.367417
13.360339
13.351565
13.337843
13.332186
13.332186
13.332186
13.330176
13.314030
13.309589
13.277908
13.216936
13.119222
13.118558
13.118199
13.111208
13.109177
13.064800
13.046990
13.020564
13.017624
13.015436
13.015373
13.015366
13.015331
13.015321
13.015297
13.015231
13.015219
13.015219
13.015153
13.015153
13.013681
13.013028
13.012298
13.012167
13.012030
13.011976
13.011775
13.011633
13.011602
12.983289
12.982764
12.975109
12.972640
12.970364
12.968768
12.968548
12.968461
12.968448
12.968448
12.968447
12.968438
12.968438
12.968435
12.968434
12.968432
12.968429
12.968428
12.968428
12.968427
12.968427
12.968427
12.968022
12.967837
12.967716
12.967623
12.967494
12.967361
12.967284
12.967259
12.967084
12.966992
12.966934
12.966865
12.966791
12.966689
12.966680
12.963674
12.963461
12.950994
12.950637
12.950583
12.950545
12.950542
12.950540
12.950536
12.950535
12.950535
12.950535
12.950535
12.950535
12.950535
12.950535
12.950535
12.950535
12.950535
12.950535
12.950535
12.950535
12.950535
12.950535
12.950535
12.950535
12.950535
12.950535
12.950535
12.950535
12.950535
12.950535
12.950535
12.950535
12.950535
12.950535
12.943370
12.942276
12.941863
12.941760
12.941756
12.941753
12.941743
12.941736
12.941733
12.941733
12.941733
12.941733
12.941733
12.941733
12.941733
12.941733
12.941733
12.941723
12.941684
12.941652
12.941649
12.941643
12.941640
12.941640
12.941640
12.941639
12.941639
12.941639
12.941639
12.941639
12.941639
12.941639
12.941639
12.941639
12.941639
12.941639
12.941639
12.941639
12.941639
12.941639
12.941639
12.941639
12.941639
12.941639
12.941639
12.941639
12.941639
12.941639
12.941639
12.941639
12.941639
12.941639
12.941639
12.941639
12.941639
12.941639
12.941639
12.941639
12.941639
12.941639
12.941639
12.941639
12.941639
12.941639
12.941639
12.941639
12.941639
12.941639
12.941639
