14.691713
14.299334
14.299334
14.299334
14.299334
14.299334
14.299334
14.299334
14.269143
14.098531
13.663918
13.663918
13.659512
13.659512
13.659512
13.638906
13.611177
13.594246
13.568709
13.547836
13.540296
13.537696
13.536198
13.536137
13.535777
13.501243
13.490878
13.485537
13.485298
13.481956
13.477923
13.475462
13.473461
13.471563
13.470897
13.432159
13.422482
13.363110
13.344888
13.322961
13.310331
13.298621
13.290229
13.275332
13.269562
13.268420
13.176697
13.118075
13.070813
13.070813
13.070813
13.069761
13.060702
13.055988
13.035156
13.028635
13.027266
13.027238
13.027236
13.026833
13.026533
13.026533
13.026520
13.026518
13.026518
13.026501
13.015263
13.006802
12.970094
12.967915
12.958948
12.911728
12.911728
12.911728
12.911254
12.910562
12.891940
12.860908
12.845540
12.833131
12.833131
12.833131
12.833131
12.833131
12.833131
12.833118
12.833072
12.833051
12.832975
12.832784
12.832749
12.832732
12.832715
12.832703
12.832697
12.832697
12.832695
12.832695
12.832694
12.832694
12.832694
12.832694
12.832694
12.832694
12.832694
12.832694
12.832694
12.832694
12.832694
12.832694
12.832694
12.832694
12.832694
12.832694
12.832694
12.832694
12.832694
12.832694
12.832694
12.832694
12.832694
12.832694
12.832694
12.832694
12.832694
12.832694
12.832694
12.832694
12.832694
12.832694
12.832694
12.832694
12.832694
12.832694
12.831658
12.823380
12.821754
12.821754
12.819696
12.818990
12.818517
12.817845
12.817088
12.816492
12.816145
12.816145
12.816079
12.815975
12.815903
12.815903
12.815903
12.815903
12.815903
12.815902
12.815902
12.815902
12.815902
12.815874
12.815785
12.815725
12.815674
12.815629
12.815621
12.815541
12.815516
12.815502
12.815499
12.815498
12.815498
12.815498
12.815498
12.815498
12.800147
12.795249
12.791051
12.791051
12.790963
12.790890
12.790858
12.790830
12.790812
12.790812
12.790810
12.790810
12.790810
12.790810
12.790810
12.790810
12.790810
12.790810
12.790810
12.790810
12.790810
12.790810
12.790810
12.790810
12.790810
12.790810
12.790810
12.790810
